
SUMMARISING RUN PARAMETERS
==========================
Input filename: /Users/lhs3/Documents/laura-Cmagister/data/Cmagister_WGBS_S11_L003_R1_001.fastq
Trimming mode: paired-end
Trim Galore version: 0.6.4_dev
Cutadapt version: 2.10
Number of cores used for trimming: 1
Quality Phred score cutoff: 20
Quality encoding type selected: ASCII+33
Adapter sequence: 'AGATCGGAAGAGC' (Illumina TruSeq, Sanger iPCR; user defined)
Maximum trimming error rate: 0.1 (default)
Minimum required adapter overlap (stringency): 1 bp
Minimum required sequence length for both reads before a sequence pair gets removed: 20 bp
All Read 1 sequences will be trimmed by 10 bp from their 5' end to avoid poor qualities or biases
All Read 2 sequences will be trimmed by 10 bp from their 5' end to avoid poor qualities or biases (e.g. M-bias for BS-Seq applications)
All Read 1 sequences will be trimmed by 10 bp from their 3' end to avoid poor qualities or biases
All Read 2 sequences will be trimmed by 10 bp from their 3' end to avoid poor qualities or biases
Running FastQC on the data once trimming has completed
Running FastQC with the following extra arguments: --outdir /Users/lhs3/Documents/laura-Cmagister/qc-processing/trimgalore/ --threads 8


This is cutadapt 2.10 with Python 3.7.2
Command line parameters: -j 1 -e 0.1 -q 20 -O 1 -a AGATCGGAAGAGC /Users/lhs3/Documents/laura-Cmagister/data/Cmagister_WGBS_S11_L003_R1_001.fastq
Processing reads on 1 core in single-end mode ...
Finished in 7810.40 s (25 us/read; 2.41 M reads/minute).

=== Summary ===

Total reads processed:             314,152,279
Reads with adapters:               206,670,058 (65.8%)
Reads written (passing filters):   314,152,279 (100.0%)

Total basepairs processed: 47,436,994,129 bp
Quality-trimmed:             947,120,107 bp (2.0%)
Total written (filtered):  39,800,101,271 bp (83.9%)

=== Adapter 1 ===

Sequence: AGATCGGAAGAGC; Type: regular 3'; Length: 13; Trimmed: 206670058 times

No. of allowed errors:
0-9 bp: 0; 10-13 bp: 1

Bases preceding removed adapters:
  A: 34.6%
  C: 10.2%
  G: 21.8%
  T: 33.4%
  none/other: 0.0%

Overview of removed sequences
length	count	expect	max.err	error counts
1	52782755	78538069.8	0	52782755
2	10843448	19634517.4	0	10843448
3	3641050	4908629.4	0	3641050
4	1937532	1227157.3	0	1937532
5	1242559	306789.3	0	1242559
6	1306545	76697.3	0	1306545
7	1464735	19174.3	0	1464735
8	1234141	4793.6	0	1234141
9	1318043	1198.4	0	1294750 23293
10	1541288	299.6	1	1458111 83177
11	1221532	74.9	1	1155912 65620
12	1424307	18.7	1	1334886 89421
13	1544203	4.7	1	1444578 99625
14	1302025	4.7	1	1229490 72535
15	1545087	4.7	1	1441926 103161
16	1330532	4.7	1	1255452 75080
17	1547335	4.7	1	1426741 120594
18	1546187	4.7	1	1435222 110965
19	1442348	4.7	1	1346907 95441
20	1458258	4.7	1	1371960 86298
21	1544829	4.7	1	1441362 103467
22	1604628	4.7	1	1493447 111181
23	1464002	4.7	1	1381409 82593
24	1525869	4.7	1	1437213 88656
25	1600607	4.7	1	1505944 94663
26	1478165	4.7	1	1398903 79262
27	1569433	4.7	1	1471175 98258
28	1793040	4.7	1	1667898 125142
29	1486830	4.7	1	1401477 85353
30	1603524	4.7	1	1520443 83081
31	1498420	4.7	1	1421664 76756
32	1657930	4.7	1	1569308 88622
33	1471551	4.7	1	1397317 74234
34	1641587	4.7	1	1542138 99449
35	1752268	4.7	1	1634324 117944
36	1974156	4.7	1	1852435 121721
37	1574476	4.7	1	1491435 83041
38	1445859	4.7	1	1367872 77987
39	1794606	4.7	1	1701472 93134
40	1744849	4.7	1	1634487 110362
41	2419150	4.7	1	2319598 99552
42	973600	4.7	1	913043 60557
43	1444770	4.7	1	1371839 72931
44	1413969	4.7	1	1340786 73183
45	1685073	4.7	1	1595594 89479
46	1674147	4.7	1	1583232 90915
47	1783755	4.7	1	1683918 99837
48	1526435	4.7	1	1452068 74367
49	1711710	4.7	1	1620359 91351
50	1663855	4.7	1	1575354 88501
51	1698059	4.7	1	1603336 94723
52	1763973	4.7	1	1654613 109360
53	2486687	4.7	1	2382422 104265
54	1012186	4.7	1	951219 60967
55	1569231	4.7	1	1496192 73039
56	1500529	4.7	1	1426428 74101
57	1583270	4.7	1	1502903 80367
58	1618635	4.7	1	1541975 76660
59	1539139	4.7	1	1462757 76382
60	1571236	4.7	1	1493397 77839
61	1576910	4.7	1	1495282 81628
62	1589595	4.7	1	1505224 84371
63	1664829	4.7	1	1566716 98113
64	1841368	4.7	1	1743277 98091
65	1471473	4.7	1	1387016 84457
66	1529481	4.7	1	1441921 87560
67	1540115	4.7	1	1450021 90094
68	1525346	4.7	1	1433212 92134
69	1520934	4.7	1	1429607 91327
70	1548550	4.7	1	1453069 95481
71	1552873	4.7	1	1456302 96571
72	1646441	4.7	1	1538485 107956
73	2129557	4.7	1	1917202 212355
74	7015087	4.7	1	6618879 396208
75	8447329	4.7	1	8089340 357989
76	4757848	4.7	1	4552552 205296
77	2273467	4.7	1	2172113 101354
78	1066838	4.7	1	1015891 50947
79	616961	4.7	1	585176 31785
80	454102	4.7	1	430607 23495
81	360265	4.7	1	340792 19473
82	300138	4.7	1	283196 16942
83	274362	4.7	1	258574 15788
84	256281	4.7	1	241510 14771
85	237513	4.7	1	223838 13675
86	216195	4.7	1	203265 12930
87	203578	4.7	1	191517 12061
88	194464	4.7	1	183119 11345
89	179713	4.7	1	168975 10738
90	175076	4.7	1	164821 10255
91	179744	4.7	1	170145 9599
92	168295	4.7	1	159133 9162
93	146900	4.7	1	138582 8318
94	129357	4.7	1	121484 7873
95	117905	4.7	1	110463 7442
96	106670	4.7	1	99621 7049
97	99633	4.7	1	93014 6619
98	94741	4.7	1	88455 6286
99	86716	4.7	1	81081 5635
100	81152	4.7	1	75546 5606
101	75140	4.7	1	70037 5103
102	70320	4.7	1	65518 4802
103	65689	4.7	1	61301 4388
104	61721	4.7	1	57411 4310
105	55719	4.7	1	51796 3923
106	50350	4.7	1	46712 3638
107	45550	4.7	1	42103 3447
108	41561	4.7	1	38477 3084
109	37125	4.7	1	34378 2747
110	33132	4.7	1	30456 2676
111	29307	4.7	1	26942 2365
112	25981	4.7	1	23735 2246
113	22545	4.7	1	20545 2000
114	19579	4.7	1	17846 1733
115	17102	4.7	1	15479 1623
116	14434	4.7	1	13023 1411
117	12328	4.7	1	11062 1266
118	10844	4.7	1	9725 1119
119	8919	4.7	1	7844 1075
120	7677	4.7	1	6716 961
121	6476	4.7	1	5604 872
122	5821	4.7	1	5007 814
123	4709	4.7	1	3947 762
124	3914	4.7	1	3300 614
125	3520	4.7	1	2955 565
126	2979	4.7	1	2439 540
127	2611	4.7	1	2164 447
128	2177	4.7	1	1721 456
129	1802	4.7	1	1498 304
130	1697	4.7	1	1393 304
131	1536	4.7	1	1241 295
132	1382	4.7	1	1133 249
133	1279	4.7	1	1096 183
134	1538	4.7	1	1335 203
135	1757	4.7	1	1584 173
136	894	4.7	1	753 141
137	461	4.7	1	369 92
138	327	4.7	1	243 84
139	291	4.7	1	224 67
140	227	4.7	1	151 76
141	155	4.7	1	116 39
142	141	4.7	1	84 57
143	94	4.7	1	66 28
144	86	4.7	1	58 28
145	100	4.7	1	65 35
146	133	4.7	1	106 27
147	153	4.7	1	126 27
148	174	4.7	1	154 20
149	145	4.7	1	114 31
150	136	4.7	1	113 23
151	570	4.7	1	488 82

RUN STATISTICS FOR INPUT FILE: /Users/lhs3/Documents/laura-Cmagister/data/Cmagister_WGBS_S11_L003_R1_001.fastq
=============================================
314152279 sequences processed in total

