
SUMMARISING RUN PARAMETERS
==========================
Input filename: /Users/lhs3/Documents/laura-Cmagister/data/Cmagister_WGBS_S11_L003_R2_001.fastq
Trimming mode: paired-end
Trim Galore version: 0.6.4_dev
Cutadapt version: 2.10
Number of cores used for trimming: 1
Quality Phred score cutoff: 20
Quality encoding type selected: ASCII+33
Adapter sequence: 'AGATCGGAAGAGC' (Illumina TruSeq, Sanger iPCR; user defined)
Maximum trimming error rate: 0.1 (default)
Minimum required adapter overlap (stringency): 1 bp
Minimum required sequence length for both reads before a sequence pair gets removed: 20 bp
All Read 1 sequences will be trimmed by 10 bp from their 5' end to avoid poor qualities or biases
All Read 2 sequences will be trimmed by 10 bp from their 5' end to avoid poor qualities or biases (e.g. M-bias for BS-Seq applications)
All Read 1 sequences will be trimmed by 10 bp from their 3' end to avoid poor qualities or biases
All Read 2 sequences will be trimmed by 10 bp from their 3' end to avoid poor qualities or biases
Running FastQC on the data once trimming has completed
Running FastQC with the following extra arguments: --outdir /Users/lhs3/Documents/laura-Cmagister/qc-processing/trimgalore/ --threads 8


This is cutadapt 2.10 with Python 3.7.2
Command line parameters: -j 1 -e 0.1 -q 20 -O 1 -a AGATCGGAAGAGC /Users/lhs3/Documents/laura-Cmagister/data/Cmagister_WGBS_S11_L003_R2_001.fastq
Processing reads on 1 core in single-end mode ...
Finished in 7786.11 s (25 us/read; 2.42 M reads/minute).

=== Summary ===

Total reads processed:             314,152,279
Reads with adapters:               203,250,732 (64.7%)
Reads written (passing filters):   314,152,279 (100.0%)

Total basepairs processed: 47,436,994,129 bp
Quality-trimmed:           3,167,499,201 bp (6.7%)
Total written (filtered):  38,213,673,892 bp (80.6%)

=== Adapter 1 ===

Sequence: AGATCGGAAGAGC; Type: regular 3'; Length: 13; Trimmed: 203250732 times

No. of allowed errors:
0-9 bp: 0; 10-13 bp: 1

Bases preceding removed adapters:
  A: 37.5%
  C: 10.9%
  G: 21.7%
  T: 29.9%
  none/other: 0.0%

Overview of removed sequences
length	count	expect	max.err	error counts
1	62083651	78538069.8	0	62083651
2	9847559	19634517.4	0	9847559
3	3187290	4908629.4	0	3187290
4	1578205	1227157.3	0	1578205
5	1255843	306789.3	0	1255843
6	1361103	76697.3	0	1361103
7	1589545	19174.3	0	1589545
8	1035468	4793.6	0	1035468
9	1146553	1198.4	0	1119898 26655
10	1322404	299.6	1	1225718 96686
11	938785	74.9	1	833836 104949
12	1348313	18.7	1	1213220 135093
13	1432526	4.7	1	1268334 164192
14	2155384	4.7	1	1958978 196406
15	875824	4.7	1	780461 95363
16	1308258	4.7	1	1181568 126690
17	1491749	4.7	1	1375311 116438
18	702612	4.7	1	618148 84464
19	1442942	4.7	1	1310757 132185
20	1342311	4.7	1	1210493 131818
21	783829	4.7	1	700455 83374
22	1336745	4.7	1	1207753 128992
23	1484975	4.7	1	1322637 162338
24	2096602	4.7	1	1891665 204937
25	1113848	4.7	1	1003642 110206
26	1211219	4.7	1	1106799 104420
27	1249459	4.7	1	1127703 121756
28	1758017	4.7	1	1624519 133498
29	890272	4.7	1	781850 108422
30	2346981	4.7	1	2171365 175616
31	536637	4.7	1	461421 75216
32	1727725	4.7	1	1586535 141190
33	1363286	4.7	1	1228370 134916
34	1285649	4.7	1	1171871 113778
35	1775450	4.7	1	1623607 151843
36	1384344	4.7	1	1261935 122409
37	1333800	4.7	1	1215889 117911
38	1749031	4.7	1	1619656 129375
39	1096211	4.7	1	1003501 92710
40	1487843	4.7	1	1361518 126325
41	1694842	4.7	1	1523485 171357
42	2665346	4.7	1	2466619 198727
43	582723	4.7	1	504842 77881
44	1845035	4.7	1	1658146 186889
45	2801392	4.7	1	2584924 216468
46	1213646	4.7	1	1102867 110779
47	963488	4.7	1	858381 105107
48	2583365	4.7	1	2380134 203231
49	1388479	4.7	1	1276233 112246
50	1241741	4.7	1	1108333 133408
51	3207086	4.7	1	3018886 188200
52	502793	4.7	1	441934 60859
53	1289608	4.7	1	1209023 80585
54	940009	4.7	1	858006 82003
55	1730186	4.7	1	1611296 118890
56	1127814	4.7	1	1042342 85472
57	1504221	4.7	1	1387206 117015
58	1890494	4.7	1	1740101 150393
59	1549698	4.7	1	1429975 119723
60	1648010	4.7	1	1515102 132908
61	1727459	4.7	1	1589872 137587
62	1741261	4.7	1	1597452 143809
63	1966396	4.7	1	1814655 151741
64	2059189	4.7	1	1893660 165529
65	2323082	4.7	1	2143645 179437
66	2537394	4.7	1	2314360 223034
67	4040946	4.7	1	3519589 521357
68	13977672	4.7	1	13356598 621074
69	4242169	4.7	1	4029246 212923
70	1321764	4.7	1	1242732 79032
71	571674	4.7	1	531311 40363
72	358133	4.7	1	329015 29118
73	288882	4.7	1	265354 23528
74	248124	4.7	1	227649 20475
75	211570	4.7	1	193572 17998
76	205537	4.7	1	187555 17982
77	210644	4.7	1	193404 17240
78	211068	4.7	1	193347 17721
79	214161	4.7	1	195984 18177
80	231807	4.7	1	214379 17428
81	220820	4.7	1	203673 17147
82	211607	4.7	1	194011 17596
83	249344	4.7	1	229448 19896
84	298220	4.7	1	274966 23254
85	349006	4.7	1	323675 25331
86	371714	4.7	1	344380 27334
87	395052	4.7	1	365925 29127
88	416310	4.7	1	385465 30845
89	422648	4.7	1	392677 29971
90	417482	4.7	1	388198 29284
91	414394	4.7	1	384860 29534
92	410225	4.7	1	381230 28995
93	369335	4.7	1	344192 25143
94	312417	4.7	1	290993 21424
95	261933	4.7	1	243387 18546
96	217974	4.7	1	201981 15993
97	182273	4.7	1	168577 13696
98	156082	4.7	1	144098 11984
99	132518	4.7	1	122092 10426
100	115746	4.7	1	106332 9414
101	101139	4.7	1	92839 8300
102	88708	4.7	1	80802 7906
103	78340	4.7	1	71261 7079
104	70289	4.7	1	64008 6281
105	60345	4.7	1	54899 5446
106	53670	4.7	1	48605 5065
107	47440	4.7	1	42853 4587
108	41879	4.7	1	37707 4172
109	36784	4.7	1	33252 3532
110	32035	4.7	1	28617 3418
111	28085	4.7	1	25079 3006
112	24880	4.7	1	22090 2790
113	20926	4.7	1	18563 2363
114	18278	4.7	1	16055 2223
115	15606	4.7	1	13836 1770
116	13361	4.7	1	11765 1596
117	11331	4.7	1	9894 1437
118	9761	4.7	1	8467 1294
119	8124	4.7	1	6973 1151
120	6811	4.7	1	5727 1084
121	5747	4.7	1	4881 866
122	5047	4.7	1	4150 897
123	4062	4.7	1	3368 694
124	3609	4.7	1	2979 630
125	2886	4.7	1	2333 553
126	2545	4.7	1	2064 481
127	2130	4.7	1	1691 439
128	1856	4.7	1	1464 392
129	1484	4.7	1	1183 301
130	1404	4.7	1	1087 317
131	1250	4.7	1	1001 249
132	1212	4.7	1	978 234
133	1061	4.7	1	850 211
134	1417	4.7	1	1230 187
135	1684	4.7	1	1497 187
136	818	4.7	1	693 125
137	410	4.7	1	320 90
138	342	4.7	1	260 82
139	217	4.7	1	171 46
140	162	4.7	1	120 42
141	153	4.7	1	105 48
142	169	4.7	1	122 47
143	85	4.7	1	54 31
144	73	4.7	1	44 29
145	80	4.7	1	60 20
146	103	4.7	1	78 25
147	82	4.7	1	60 22
148	103	4.7	1	92 11
149	83	4.7	1	55 28
150	70	4.7	1	62 8
151	340	4.7	1	239 101

RUN STATISTICS FOR INPUT FILE: /Users/lhs3/Documents/laura-Cmagister/data/Cmagister_WGBS_S11_L003_R2_001.fastq
=============================================
314152279 sequences processed in total

Total number of sequences analysed for the sequence pair length validation: 314152279

Number of sequence pairs removed because at least one read was shorter than the length cutoff (20 bp): 5411706 (1.72%)
